23092 9320	9256	781.081	3851	1	-1	-1
23097 9272	9256	620.904	-1	-1	-1	-1
23145 9084	9255	1292.405	3832	1	-1	-1
23155 9157	9255	1371.842	-1	-1	-1	-1
23047 9774	9757	70.409	-1	-1	-1	-1
23048 9703	9757	490.655	-1	-1	-1	-1
23211 8899	8844	607.432	-1	-1	-1	-1
23214 8786	8844	1238.314	-1	-1	-1	-1
23123 8823	8715	802.135	-1	-1	-1	-1
23124 8768	8715	544.096	-1	-1	-1	-1
23106 9254	9250	213.055	-1	-1	3791	1
23077 9434	9505	821.209	-1	-1	3813	1
23224 8801	8747	260.679	-1	-1	-1	-1
23225 8704	8747	694.323	-1	-1	-1	-1
22968 10704	10769	1949.961	-1	-1	-1	-1
22969 10530	10769	1063.816	-1	-1	-1	-1
23126 8681	8689	155.087	-1	-1	23292	1
23050 9718	9745	228.244	-1	-1	-1	-1
23053 9630	9745	455.746	-1	-1	-1	-1
23056 9767	9770	71.969	-1	-1	-1	-1
23057 9721	9770	175.968	-1	-1	-1	-1
23135 8732	8735	9.869	-1	-1	-1	-1
23137 8732	8735	12.301	-1	-1	-1	-1
23136 8692	8732	804.527	-1	-1	-1	-1
22986 10075	9942	746.516	-1	-1	-1	-1
22991 9907	9942	1152.307	-1	-1	-1	-1
22994 9981	9943	206.483	-1	-1	-1	-1
22995 9938	9943	290.985	-1	-1	-1	-1
22993 9943	9940	28.296	-1	-1	-1	-1
22998 9975	9940	129.535	-1	-1	-1	-1
22979 9850	9947	828.819	-1	-1	-1	-1
23171 10090	9947	1659.734	-1	-1	-1	-1
23021 9556	9563	254.469	3788	1	269	1
23193 9313	9386	533.166	-1	-1	-1	-1
23253 9377	9386	448.501	-1	-1	-1	-1
23020 9563	9624	577.142	269	1	3829	1
22970 10467	10530	954.609	-1	-1	-1	-1
23269 10415	10530	1040.354	-1	-1	-1	-1
23051 9722	9718	95.553	-1	-1	-1	-1
23052 9580	9718	1067.054	-1	-1	-1	-1
23139 9554	9549	56.05	3814	1	-1	-1
23141 9522	9549	1393.827	-1	-1	-1	-1
23242 8870	8887	147.303	-1	-1	-1	-1
23249 8938	8887	380.063	-1	-1	-1	-1
23039 9700	9672	298.359	-1	-1	-1	-1
23040 9617	9672	337.539	-1	-1	-1	-1
22992 9940	9907	268.233	-1	-1	-1	-1
23007 9874	9907	396.403	-1	-1	-1	-1
22978 9947	9905	2727.711	-1	-1	-1	-1
23189 9603	9905	1914.369	-1	-1	-1	-1
23262 9929	9908	74.723	-1	-1	-1	-1
23263 9852	9908	241.208	-1	-1	-1	-1
23264 9782	9908	1185.343	-1	-1	-1	-1
22988 10217	10085	492.505	-1	-1	-1	-1
22989 10110	10085	448.204	-1	-1	-1	-1
22976 10093	10121	73.054	-1	-1	-1	-1
22972 10197	10474	1467.35	-1	-1	-1	-1
23176 10143	10120	152.773	-1	-1	-1	-1
23188 10083	10120	111.763	-1	-1	-1	-1
23113 9023	9111	1097.184	-1	-1	-1	-1
23114 8980	9111	898.236	-1	-1	-1	-1
23173 10285	10256	273.662	-1	-1	-1	-1
23174 10274	10256	82.416	-1	-1	-1	-1
23012 9858	9803	1152.039	-1	-1	-1	-1
23013 9682	9803	1822.068	-1	-1	-1	-1
23019 9624	9656	921.163	3829	1	3801	1
22981 9562	9792	2329.628	-1	-1	-1	-1
22982 9799	9792	135.428	-1	-1	-1	-1
22983 9860	9799	1507.48	-1	-1	-1	-1
23054 9769	9799	255.015	-1	-1	-1	-1
23011 9803	9807	611.046	-1	-1	-1	-1
23026 9744	9807	233.748	-1	-1	-1	-1
23209 8699	8696	45.897	-1	-1	-1	-1
23210 8844	8696	2486.285	-1	-1	-1	-1
23270 10396	10415	656.864	-1	-1	-1	-1
23271 10035	10415	2224.909	-1	-1	-1	-1
23143 9276	9328	658.523	-1	-1	-1	-1
23144 9255	9328	453.357	-1	-1	-1	-1
23094 9314	9322	305.711	3796	1	3802	1
23093 9322	9320	127.884	3802	1	3851	1
23063 9352	9326	161.303	-1	-1	-1	-1
23167 9233	9326	527.261	-1	-1	-1	-1
23085 9335	9327	429.97	31260	2	-1	-1
23090 9245	9327	636.423	-1	-1	-1	-1
23055 9770	9769	155.012	-1	-1	-1	-1
23058 9741	9769	114.114	-1	-1	-1	-1
22975 10121	10160	262.496	-1	-1	-1	-1
23267 10121	10160	119.173	-1	-1	-1	-1
23045 9765	9774	45.909	-1	-1	-1	-1
23070 9516	9425	1195.695	-1	-1	-1	-1
23071 9354	9425	560.932	-1	-1	-1	-1
23082 9413	9424	42.793	3823	1	206	1
23088 9431	9426	170.862	3803	1	3806	1
23157 9066	9109	483.162	-1	-1	-1	-1
23158 9089	9109	1245.461	-1	-1	-1	-1
23115 8891	8980	1839.374	23327	1	-1	-1
23117 8958	8980	711.835	-1	-1	-1	-1
23078 9473	9434	502.064	229	1	-1	-1
23081 9424	9434	60.355	206	1	-1	-1
23032 9821	9835	406.568	-1	-1	-1	-1
23049 9745	9835	332.802	-1	-1	-1	-1
23129 8679	8660	111.935	-1	-1	-1	-1
23130 8635	8660	266.75	-1	-1	-1	-1
23236 8610	8662	700.475	-1	-1	-1	-1
23237 8609	8662	831.934	-1	-1	-1	-1
23105 9250	9234	159.344	3791	1	3850	1
23220 8826	8788	242.388	-1	-1	-1	-1
23219 8788	8783	117.076	-1	-1	-1	-1
23221 8774	8783	60.684	-1	-1	-1	-1
23218 8783	8780	347.839	-1	-1	-1	-1
23230 8737	8780	222.378	-1	-1	-1	-1
23215 8858	8786	771.395	-1	-1	-1	-1
23216 8785	8786	68.673	-1	-1	-1	-1
23217 8780	8785	40.817	-1	-1	-1	-1
23231 8779	8785	27.099	-1	-1	-1	-1
23246 8763	8784	439.104	-1	-1	-1	-1
23247 8657	8784	1141.832	-1	-1	-1	-1
23033 9819	9821	29.694	-1	-1	-1	-1
23043 9783	9821	198.952	-1	-1	-1	-1
23111 9120	9146	63.581	30772	2	3820	1
23182 10301	10268	125.375	-1	-1	-1	-1
23183 10308	10268	243.923	-1	-1	-1	-1
23204 8777	8812	185.657	-1	-1	-1	-1
23238 8789	8812	1367.53	-1	-1	-1	-1
23060 9595	9695	636.37	-1	-1	-1	-1
23061 9317	9695	4871.074	-1	-1	-1	-1
23018 9656	9690	426.298	3801	1	3892	1
23010 9807	9842	225.589	-1	-1	-1	-1
23027 9642	9842	1227.23	-1	-1	-1	-1
23062 9326	9317	335.205	-1	-1	-1	-1
23168 9241	9317	657.817	-1	-1	-1	-1
23096 9351	9316	289.774	-1	-1	3795	1
23095 9316	9314	26.467	3795	1	3796	1
23194 9275	9313	355.707	-1	-1	-1	-1
23250 9298	9313	2066.686	-1	-1	-1	-1
23099 9210	9161	697.021	3848	1	-1	-1
23110 9146	9161	236.066	3820	1	-1	-1
23001 10042	10013	135.664	-1	-1	-1	-1
23002 10094	10013	308.744	-1	-1	-1	-1
22984 9958	9860	718.771	-1	-1	-1	-1
23031 9835	9860	145.281	-1	-1	-1	-1
23146 9076	9084	80.853	-1	-1	3832	1
23037 9768	9749	149.347	-1	-1	-1	-1
23038 9672	9749	646.811	-1	-1	-1	-1
23121 8705	8833	960.294	-1	-1	-1	-1
23133 8769	8833	364.474	23309	1	-1	-1
23103 9230	9223	102.649	3849	1	3878	1
23101 9220	9221	7.963	-1	-1	3800	1
23102 9223	9220	154.07	3878	1	-1	-1
23107 9218	9220	12.699	3799	1	-1	-1
23134 8735	8769	330.025	-1	-1	23309	1
23196 9307	9249	689.86	-1	-1	-1	-1
23199 9096	9249	821.478	-1	-1	-1	-1
23169 9242	9241	18.68	-1	-1	-1	-1
23170 9257	9241	317.577	-1	-1	-1	-1
23091 9256	9245	373.921	-1	-1	-1	-1
23098 9161	9245	467.187	-1	-1	-1	-1
23084 9327	9410	617.646	-1	-1	3875	1
23036 9749	9765	166.534	-1	-1	-1	-1
23177 10142	10143	87.167	-1	-1	-1	-1
23187 10112	10143	75.801	-1	-1	-1	-1
23178 10155	10142	24.212	-1	-1	-1	-1
23179 10157	10142	59.349	-1	-1	-1	-1
23186 10099	10142	144.739	-1	-1	-1	-1
23122 8715	8705	275.751	-1	-1	-1	-1
23125 8689	8705	295.078	23292	1	-1	-1
23226 8808	8704	2122.262	-1	-1	-1	-1
23229 8721	8704	70.758	-1	-1	-1	-1
22999 9996	9975	101.731	-1	-1	-1	-1
23000 10013	9975	134.838	-1	-1	-1	-1
23192 9386	9518	842.997	-1	-1	-1	-1
23256 9550	9518	868.898	-1	-1	-1	-1
22977 9905	10093	1742.439	-1	-1	-1	-1
23259 9892	10093	1909.353	-1	-1	-1	-1
23172 10256	10090	593.97	-1	-1	-1	-1
23175 10120	10090	334.308	-1	-1	-1	-1
22973 10294	10197	2759.919	-1	-1	-1	-1
22974 10160	10197	165.278	-1	-1	-1	-1
23207 8678	8723	327.412	-1	-1	-1	-1
23233 8677	8723	511.857	-1	-1	-1	-1
22985 9942	9958	796.601	-1	-1	-1	-1
23030 9972	9958	660.867	-1	-1	-1	-1
23068 9399	9389	236.469	-1	-1	-1	-1
23162 9318	9389	420.5	-1	-1	-1	-1
23067 9389	9391	171.281	-1	-1	-1	-1
23163 9270	9391	629.732	-1	-1	-1	-1
23069 9425	9399	570.761	-1	-1	-1	-1
23161 9477	9399	592.703	-1	-1	-1	-1
23087 9426	9398	145.081	3806	1	3847	1
23212 9041	8899	2074.487	-1	-1	-1	-1
23213 8953	8899	1728.106	-1	-1	-1	-1
23116 8897	8891	852.725	-1	-1	23327	1
22996 9851	9938	2374.028	-1	-1	-1	-1
22997 10065	9938	421.588	-1	-1	-1	-1
23257 9555	9550	922.411	-1	-1	-1	-1
23258 9582	9550	1635.713	-1	-1	-1	-1
23140 9570	9554	303.431	-1	-1	3814	1
23022 9552	9556	480.18	-1	-1	3788	1
23243 8872	8870	8.115	-1	-1	-1	-1
23244 8825	8870	234.491	-1	-1	-1	-1
23112 9111	9120	67.822	-1	-1	30772	2
23180 10216	10157	359.204	-1	-1	-1	-1
23185 10130	10157	78.169	-1	-1	-1	-1
22971 10474	10467	66.864	-1	-1	-1	-1
23268 10474	10467	66.279	-1	-1	-1	-1
23109 9119	9143	1248.521	-1	-1	3826	1
23120 8833	8894	274.056	-1	-1	30733	2
23260 9743	9892	898.016	-1	-1	-1	-1
23261 9908	9892	303.075	-1	-1	-1	-1
23076 9505	9478	191.237	3813	1	-1	-1
23138 9549	9478	311.208	-1	-1	-1	-1
23079 9470	9473	85.584	3822	1	229	1
23080 9488	9470	554.647	-1	-1	3822	1
23265 9779	9782	52.608	-1	-1	-1	-1
23266 9687	9782	456.57	-1	-1	-1	-1
23044 9774	9783	113.699	-1	-1	-1	-1
23046 9757	9783	101.118	-1	-1	-1	-1
23004 10154	10134	60.093	-1	-1	-1	-1
23005 10178	10134	282.301	-1	-1	-1	-1
23118 8970	8958	73.652	-1	-1	-1	-1
23119 8894	8958	480.239	30733	2	-1	-1
23083 9410	9413	7.144	3875	1	3823	1
23089 9436	9431	25.095	-1	-1	3803	1
23041 9605	9617	519.391	-1	-1	-1	-1
23042 9586	9617	298.011	-1	-1	-1	-1
23127 8679	8681	38.231	-1	-1	-1	-1
23128 8660	8681	143.306	-1	-1	-1	-1
23086 9398	9335	874.544	3847	1	31260	2
23156 9109	9157	999.523	-1	-1	-1	-1
23159 9154	9157	2554.003	-1	-1	-1	-1
23251 9368	9298	667.082	-1	-1	-1	-1
23252 9268	9298	931.334	-1	-1	-1	-1
23181 10268	10216	566.899	-1	-1	-1	-1
23184 10201	10216	130.6	-1	-1	-1	-1
23131 8651	8635	87.495	-1	-1	-1	-1
23132 8628	8635	262.025	-1	-1	-1	-1
23202 9003	8932	622.161	-1	-1	-1	-1
23203 8812	8932	932.61	-1	-1	-1	-1
23190 9445	9603	1573.643	-1	-1	-1	-1
23191 9518	9603	900.566	-1	-1	-1	-1
23025 9588	9602	266.535	-1	-1	3885	1
23024 9602	9606	116.959	3885	1	3815	1
23064 9372	9352	379.9	-1	-1	-1	-1
23166 9277	9352	390.215	-1	-1	-1	-1
23003 10134	10094	88.682	-1	-1	-1	-1
23006 10047	10094	201.806	-1	-1	-1	-1
23197 9310	9307	148.21	-1	-1	-1	-1
23198 9103	9307	1769.728	-1	-1	-1	-1
23066 9391	9371	305.664	-1	-1	-1	-1
23164 9370	9371	68.436	-1	-1	-1	-1
23065 9371	9372	36.425	-1	-1	-1	-1
23165 9435	9372	291.779	-1	-1	-1	-1
23254 9397	9377	456.334	-1	-1	-1	-1
23255 9375	9377	465.993	-1	-1	-1	-1
23034 9869	9819	472.016	-1	-1	-1	-1
23035 9765	9819	362.457	-1	-1	-1	-1
23072 9400	9354	3111.441	-1	-1	-1	-1
23160 9258	9354	470.579	-1	-1	-1	-1
23201 8932	9039	1090.339	-1	-1	-1	-1
23239 9019	9039	159.359	-1	-1	-1	-1
23234 8632	8677	184.377	-1	-1	-1	-1
23235 8662	8677	574.405	-1	-1	-1	-1
23208 8696	8678	1483.909	-1	-1	-1	-1
23232 8505	8678	1145.968	-1	-1	-1	-1
23074 9401	9407	199.127	-1	-1	-1	-1
23075 9478	9407	376.156	-1	-1	-1	-1
23073 9407	9400	77.728	-1	-1	-1	-1
23142 9328	9400	384.111	-1	-1	-1	-1
23104 9234	9230	17.915	3850	1	3849	1
23148 8960	9055	501.132	-1	-1	-1	-1
23149 8975	9055	1324.123	-1	-1	-1	-1
22980 9792	9850	566.127	-1	-1	-1	-1
23059 9695	9850	1150.537	-1	-1	-1	-1
23009 9842	9854	174.891	-1	-1	-1	-1
23028 9844	9854	98.261	-1	-1	-1	-1
22987 10085	10075	153.575	-1	-1	-1	-1
22990 10273	10075	1039.098	-1	-1	-1	-1
23108 9143	9218	456.228	3826	1	3799	1
23100 9221	9210	485.899	3800	1	3848	1
23147 9055	9076	297.995	-1	-1	-1	-1
23154 9055	9076	247.278	-1	-1	-1	-1
23017 9690	9688	26.75	3892	1	3860	1
23015 9740	9681	214.268	-1	-1	-1	-1
23016 9688	9681	134.608	3860	1	-1	-1
23014 9681	9682	558.5	-1	-1	-1	-1
23023 9606	9682	719.338	3815	1	-1	-1
23227 8840	8808	1305.779	-1	-1	-1	-1
23228 8804	8808	184.804	-1	-1	-1	-1
23008 9854	9874	163.127	-1	-1	-1	-1
23029 9847	9874	116.972	-1	-1	-1	-1
23195 9249	9275	752.812	-1	-1	-1	-1
23200 9039	9275	3299.011	-1	-1	-1	-1
23245 8784	8825	216.53	-1	-1	-1	-1
23248 8638	8825	2953.218	-1	-1	-1	-1
23205 8794	8777	467.071	-1	-1	-1	-1
23206 8723	8777	286.726	-1	-1	-1	-1
23222 8788	8774	117.892	-1	-1	-1	-1
23223 8747	8774	215.81	-1	-1	-1	-1
23240 9151	9019	828.851	-1	-1	-1	-1
23241 8887	9019	1248.078	-1	-1	-1	-1
