1348	1	0.909891978406
257	1	0.898025493907
13061	1	0.921576554183
13122	1	0.966450106288
24834	1	0.935504264053
30081	2	4.33366244753e-10
11335	1	0.964910445987
11296	1	0.952492631901
31433	2	8.61114162649e-05
26278	1	0.943863830082
24821	1	0.874748005928
9379	1	0.866519884678
12086	1	0.888876244218
19507	1	0.908649101369
14994	1	0.849333096645
15003	1	0.83930393941
11340	1	0.923799108397
28696	1	0.985186288032
24815	1	0.941551099624
24359	1	0.947818875377
4369	1	0.888762027321
8626	1	0.950241349649
26302	1	0.975409316119
498	1	0.887175290025
19199	1	0.984100820877
28723	1	0.964692880185
5800	1	0.915448699226
19551	1	0.951599091528
4713	1	0.800411354645
11506	1	0.918885235571
780	1	0.884560121642
4722	1	0.894635888001
4557	1	0.870917835828
21506	1	0.907371201675
11476	1	0.879487669487
4559	1	0.978254517347
13922	1	0.905198904605
10801	1	0.815732136964
7654	1	0.961376635042
10823	1	0.913085154405
4353	1	0.880379834508
8623	1	0.883825963799
2810	1	0.96763666455
17245	1	0.857686128339
9360	1	0.945706283418
19549	1	0.999931408347
12015	1	0.942079645886
9310	1	0.772684266215
9328	1	0.905178544135
10842	1	0.901819794584
29745	1	0.902414255832
9291	1	0.950251827199
539	1	0.837430587849
1631	1	0.849713842532
21642	1	0.996631298212
21613	1	0.959489855705
19490	1	0.951128967319
19491	1	0.934706822235
19544	1	0.95146396254
4558	1	0.841068242588
13141	1	0.939095089529
13130	1	0.856003539265
1562	1	0.865555265351
24372	1	0.87097216777
7681	1	0.931251172271
14989	1	0.868553776768
22530	1	0.878334710473
30280	2	2.04179212387e-09
19557	1	0.967197164467
24375	1	0.918732338735
13158	1	0.870002429226
7656	1	0.877029063062
13131	1	0.864594142381
5815	1	0.976459710485
17426	1	0.94104752192
4744	1	0.849563951806
24799	1	0.913804614552
26645	1	0.877008245302
12094	1	0.968723503301
8763	1	0.97677247173
19488	1	0.915298083142
8544	1	0.849620753399
1474	1	0.960748437071
28692	1	0.888869126499
21524	1	0.906108900276
17429	1	0.877526423015
21498	1	0.842250188472
4601	1	0.943882149966
7648	1	0.997607065436
21636	1	0.87638768949
24824	1	0.949152474815
24826	1	0.876667289905
30410	2	1.0271144743e-14
1359	1	0.971711440405
12050	1	0.886561627224
12058	1	0.944315587752
24856	1	0.951376314329
2961	1	0.984351185758
20403	1	0.977690718099
11304	1	0.926141858927
24350	1	0.959356209424
22506	1	0.970957010546
7698	1	0.94499250985
7696	1	0.938721278256
22497	1	0.863178455396
22510	1	0.761827437577
11293	1	0.906855012276
31912	2	2.58970794677e-09
22521	1	0.924144926984
31058	2	8.61114162649e-05
24870	1	0.888673706095
24810	1	0.901775518994
24855	1	0.908650197179
11261	1	0.921568166593
26264	1	0.909143003918
28701	1	0.994031120562
22107	1	0.844190840596
22825	1	0.978290115849
4733	1	0.982661755973
22849	1	0.813079987251
19173	1	0.85136200427
21630	1	0.877363682808
20410	1	0.864901146188
8518	1	0.853829410031
28711	1	0.987731669325
10350	1	0.873985837065
8605	1	0.861181350875
4580	1	0.897924175794
4560	1	0.851379324586
1263	1	0.885700588728
4396	1	0.901974271182
4538	1	0.85379143857
28710	1	0.936172004576
11320	1	0.903382755907
11270	1	0.989517483904
12025	1	0.855992724585
10804	1	0.913152952469
17451	1	0.893813039913
14839	1	0.951499065948
11493	1	0.965172546373
2097	1	0.942945223134
18079	1	0.976304905265
4402	1	0.966111167511
19174	1	0.926749131032
639	1	0.973722439369
11282	1	0.958303655761
24796	1	0.884379144411
31468	2	2.16878758861e-13
11338	1	0.871497314966
19186	1	0.966766427398
19133	1	0.963222181188
13142	1	0.796346906565
4493	1	0.895466678595
29778	2	8.61114162649e-05
19206	1	0.89346535338
8567	1	0.893043070022
8577	1	0.863254719639
8629	1	0.876385371547
30208	2	0.00040506407781
24869	1	0.916734996489
12042	1	0.903823816109
19184	1	0.953627713814
21622	1	0.995117186717
13074	1	0.941385965159
10822	1	0.871828655525
21525	1	0.961165141178
2382	1	0.894059334326
10820	1	0.835583596966
4779	1	0.889284017733
24	1	0.98362220237
28683	1	0.86159503775
11267	1	0.906005625144
844	1	0.943721415773
19130	1	0.989923413903
17436	1	0.93818834591
8800	1	0.898080710154
12098	1	0.947584470912
21619	1	0.920384775279
24876	1	0.924061474203
21516	1	0.934544385549
31135	2	4.31131350813e-08
22487	1	0.856262884156
27752	1	0.93993968281
8512	1	0.904396691658
1516	1	0.976431336549
21608	1	0.876175430005
2061	1	0.939856694867
11505	1	0.89276755282
31568	2	9.15067712022e-09
8574	1	0.863325434401
20374	1	0.92424379988
8627	1	0.80812063206
8606	1	0.997411461373
24863	1	0.933964409528
8585	1	0.910528792683
8631	1	0.942035070261
8744	1	0.999705755321
7310	1	0.90514894911
26678	1	0.868748934487
19140	1	0.977651812365
8555	1	0.780626704862
8758	1	0.700847085986
4543	1	0.845204659989
1003	1	0.898682626926
979	1	0.917880709165
4500	1	0.782416314313
13157	1	0.815961218438
11274	1	0.986269869039
2659	1	0.887259652543
4397	1	0.918171608896
2828	1	0.904889957001
30082	2	4.31131350813e-08
2956	1	0.89823749189
14883	1	0.979037253621
11309	1	0.941963404195
3024	1	0.891519634278
15006	1	0.943986231312
88	1	0.861888330738
17244	1	0.905166756173
4772	1	0.872059863093
27757	1	0.944521024851
17439	1	0.934931212599
9324	1	0.779298499649
1487	1	0.924043609363
9340	1	0.835557283072
9270	1	0.964042035002
4716	1	0.939623003763
1627	1	0.860824975156
15028	1	0.842289062268
7298	1	0.697662623478
4566	1	0.851687055731
15001	1	0.779481318977
14993	1	0.842639687907
9377	1	0.925472121862
11499	1	0.906459258713
19496	1	0.957089934911
19562	1	0.966182584068
19497	1	0.954586874548
2854	1	0.966474629458
19535	1	0.936839792452
1881	1	0.966648926763
26277	1	0.811378280644
7662	1	0.949051759889
19152	1	0.910446477534
4587	1	0.827711705607
31874	2	8.61114162649e-05
19136	1	0.949047013624
2001	1	0.926645359804
1633	1	0.855137034231
29533	1	0.949806749577
11479	1	0.861044209853
4693	1	0.885228336347
30713	2	0.00040506407781
864	1	0.877723149703
24374	1	0.936501089592
17248	1	0.886781205158
24835	1	0.82479033957
17438	1	0.974720644097
13912	1	0.854873968741
11305	1	0.974838541563
31699	2	0.00040506407781
24823	1	0.944117720697
11350	1	0.874272142325
777	1	0.923342087101
17405	1	0.970885175718
4567	1	0.747866165379
7261	1	0.997067901372
21624	1	0.964846738311
7280	1	0.799912918841
22117	1	0.975055591125
30070	2	3.92447131079e-49
29943	2	0.00180265973057
965	1	0.902849481168
28705	1	0.990539660711
13104	1	0.924102303478
11341	1	0.945303526283
1204	1	0.873982836574
17412	1	0.837980291167
13124	1	0.90186017897
26308	1	0.8414293475
1203	1	0.863545696516
31901	2	2.58970794677e-09
4339	1	0.98643738864
28292	1	0.953474415159
220	1	0.872872577986
17243	1	0.958411827352
10819	1	0.880994811629
10817	1	0.914651485831
10818	1	0.921581916333
26311	1	0.92658949138
4365	1	0.978522315678
22494	1	0.803005347185
19153	1	0.912639087008
19207	1	0.930716983318
13099	1	0.88839379001
29940	2	0.00040506407781
11490	1	0.830604258735
31234	2	1.23093556894e-26
10340	1	0.901775882986
1541	1	0.955776548006
1543	1	0.900259872133
10322	1	0.831595780326
7266	1	0.811823722426
7318	1	0.924663230586
19150	1	0.810038139981
4520	1	0.761211559598
14876	1	0.913671183319
2084	1	0.968811090196
19566	1	0.996935890279
17419	1	0.914403010314
24343	1	0.926080544464
7297	1	0.851682366082
31899	2	0.00040506407781
19164	1	0.942261170912
10828	1	0.704878043084
17252	1	0.92058825879
2619	1	0.922713720772
9317	1	0.932027539281
9268	1	0.837028003679
31923	2	2.16878758861e-13
12037	1	0.976527249598
13162	1	0.898238794245
26681	1	0.905682251273
31393	2	0.00040506407781
1201	1	0.840611351935
28700	1	0.992496484578
12069	1	0.975942411521
22525	1	0.911151785125
4778	1	0.895321469216
19542	1	0.883208603184
24366	1	0.912975909837
11504	1	0.822401586594
24361	1	0.919154839168
31692	2	0.00040506407781
22538	1	0.801351953917
22517	1	0.92470780572
13098	1	0.887989849152
21511	1	0.964472055021
1643	1	0.901975841826
24814	1	0.85672460939
21644	1	0.936330884723
22547	1	0.777873151336
22523	1	0.858332955031
8519	1	0.785713581152
13111	1	0.97859522918
24349	1	0.944262647298
19188	1	0.931919807866
9302	1	0.943230419031
22091	1	0.935358219575
17246	1	0.868144229591
5797	1	0.97113843319
19138	1	0.96413141862
21631	1	0.986658955695
19168	1	0.995117321062
19170	1	0.97726636786
21643	1	0.991892177076
1308	1	0.996812937653
577	1	0.997690989641
14844	1	0.974812311864
1684	1	0.990252443139
22064	1	0.758684996671
21496	1	0.888090444771
7657	1	0.891688007469
4552	1	0.796683418078
22516	1	0.84256042374
22545	1	0.827393676817
28684	1	0.878507338203
20325	1	0.861290364906
24845	1	0.993587269916
10326	1	0.845932587176
14842	1	0.978300183997
4352	1	0.946985458969
19166	1	0.960108863828
19161	1	0.873977373803
2006	1	0.98504799551
24817	1	0.977340009436
951	1	0.978008006464
9296	1	0.793658020521
12089	1	0.902711638246
28294	1	0.930577159582
17444	1	0.85450210126
10347	1	0.98117167719
10348	1	0.978938686774
31663	2	4.07981745598e-06
28690	1	0.980846429049
28262	1	0.95843759214
20378	1	0.941886834242
5801	1	0.964835909663
12061	1	0.975767144724
22526	1	0.946665318419
17388	1	0.97083296402
8563	1	0.929288206921
24352	1	0.813946309585
9304	1	0.948645263101
8809	1	0.891656953257
15016	1	0.857201422184
19205	1	0.940390202281
7277	1	0.835136070564
4528	1	0.780346738167
11500	1	0.889590064002
7668	1	0.898838925689
30426	2	9.15067712022e-09
22834	1	0.841255981052
30205	2	2.58970794677e-09
30456	2	4.31131350813e-08
21526	1	0.885335105696
9286	1	0.914631724722
1161	1	0.953124364442
9288	1	0.930301533796
28693	1	0.864391316998
28664	1	0.982849983797
30420	2	4.07981745598e-06
8589	1	0.953746991234
12014	1	0.949495632811
5806	1	0.877357583181
10341	1	0.95439684053
26672	1	0.990462220616
13065	1	0.931753275503
26635	1	0.985352108917
30279	2	1.23093556894e-26
994	1	0.903492835063
991	1	0.885079148618
12075	1	0.932592867413
29499	1	0.91340279568
990	1	0.894553576957
12074	1	0.921337207352
4537	1	0.963459794534
9335	1	0.803151864711
618	1	0.964096370029
13169	1	0.967383863474
31440	2	2.58970794677e-09
4737	1	0.927791370558
4735	1	0.921231963304
22134	1	0.749007681654
22079	1	0.893504631899
4756	1	0.859314032343
22060	1	0.983558421284
536	1	0.841151984876
19187	1	0.945294744195
21600	1	0.946382220706
1141	1	0.971654413029
9271	1	0.928303682295
30509	2	4.33366244753e-10
19172	1	0.98399113825
4765	1	0.951098607104
14987	1	0.909376829994
12059	1	0.980957910866
8513	1	0.959636184601
12081	1	0.919987073269
7638	1	0.859350943321
2110	1	0.921532874062
3085	1	0.916243808069
21494	1	0.940780129214
7272	1	0.980755037022
7658	1	0.863465673793
4572	1	0.805787418813
7316	1	0.995342522152
4563	1	0.874046998198
13129	1	0.805898339882
17414	1	0.924787069469
31248	2	4.07981745598e-06
20355	1	0.863842023643
8542	1	0.988450812445
11312	1	0.91812834026
11481	1	0.931565993178
28658	1	0.939310673423
28694	1	0.982143670425
29662	1	0.899343835527
2481	1	0.903573610342
1394	1	0.908326960146
1393	1	0.905816917641
2484	1	0.9116495924
2483	1	0.908326960146
21502	1	0.870731491396
28291	1	0.970110740123
19538	1	0.972173356239
26318	1	0.914687888902
10810	1	0.970673786232
11520	1	0.916961239959
31596	2	2.05237592613e-11
5814	1	0.951173229286
24341	1	0.955379810558
11359	1	0.986035971515
26294	1	0.857236878329
24334	1	0.981066158788
21490	1	0.928514825977
12007	1	0.824098910059
22548	1	0.981344390891
8587	1	0.783575919875
2430	1	0.9829732824
8786	1	0.841900573238
24800	1	0.962770486012
24356	1	0.933380868437
11319	1	0.901005486506
13156	1	0.867813678279
26674	1	0.879130746738
17392	1	0.910385692913
14891	1	0.882688176294
12039	1	0.979115262572
9292	1	0.931374162106
12063	1	0.930828744704
15011	1	0.952205357295
12093	1	0.94623599244
2266	1	0.872760518802
29939	2	9.71983163173e-13
1575	1	0.904602541004
17408	1	0.995714600541
24363	1	0.909961412325
26286	1	0.970210501589
9389	1	0.858140900934
19494	1	0.956737730293
71	1	0.914107654849
17403	1	0.881670282251
4562	1	0.87145814217
481	1	0.904978540925
7693	1	0.91204111083
19176	1	0.862637858333
28708	1	0.964331427304
959	1	0.966717998557
24880	1	0.863801327734
4548	1	0.948334638219
31061	2	2.04179212387e-09
11485	1	0.889472274931
20381	1	0.972149812784
20383	1	0.976052977667
21615	1	0.960764787485
11488	1	0.932894729505
13132	1	0.836171792322
4527	1	0.83871284735
22549	1	0.861301048515
14995	1	0.828034115367
17457	1	0.914249809242
19520	1	0.971266358137
8531	1	0.978087378566
8590	1	0.883740182842
26639	1	0.857707684893
3128	1	0.908731946577
2886	1	0.908731946577
2643	1	0.917380264504
1913	1	0.917380264504
7306	1	0.811238686591
4591	1	0.911298881267
12051	1	0.908070784328
11294	1	0.944666375792
24857	1	0.932875892265
28662	1	0.945643033331
19132	1	0.92553603499
29785	2	4.31131350813e-08
12072	1	0.945743817423
21517	1	0.933410236053
19537	1	0.988774689062
19500	1	0.992597804639
623	1	0.944985466299
7675	1	0.958026967046
24802	1	0.95055551021
7697	1	0.874927186953
7307	1	0.915485765982
12033	1	0.846280429918
13058	1	0.852474137058
10839	1	0.890050726196
8750	1	0.570056958556
8515	1	0.917755669387
31702	2	2.58970794677e-09
8770	1	0.909208838026
8619	1	0.840172976983
7676	1	0.984545908695
8777	1	0.949183687633
11297	1	0.91810033416
4714	1	0.932709768883
4695	1	0.830710469647
31697	2	4.07981745598e-06
30731	2	2.58970794677e-09
3020	1	0.899824605485
19195	1	0.862655837233
19211	1	0.904917115036
22488	1	0.915221598927
102	1	0.956075297922
101	1	0.890505440226
24846	1	0.849851017707
87	1	0.981508420769
7634	1	0.998761134544
19141	1	0.969672816226
13053	1	0.890037792635
29664	1	0.883801516563
19565	1	0.864672925995
24827	1	0.89755520419
1207	1	0.894231821122
8617	1	0.896527153752
4499	1	0.829164328801
4589	1	0.915764755559
4588	1	0.969551081804
31881	2	2.35374585316e-64
26260	1	0.98495555296
26271	1	0.846035060383
12092	1	0.973542330533
7659	1	0.900689881669
21492	1	0.908267089162
7666	1	0.971740668058
24362	1	0.912146167337
29504	1	0.915124451442
9343	1	0.891778539218
7256	1	0.990969753585
26662	1	0.991528713394
5838	1	0.991751957845
24871	1	0.967825373077
17382	1	0.969936912236
24860	1	0.927859162595
22094	1	0.842373485779
26323	1	0.982976028037
1388	1	0.943052346006
12090	1	0.929968309894
504	1	0.91501053512
1596	1	0.864963020498
21609	1	0.86973986695
1594	1	0.915682194152
19554	1	0.996483794528
8615	1	0.916720559946
8572	1	0.875905444455
13892	1	0.827287994255
5828	1	0.869703986717
8630	1	0.923514495379
8522	1	0.887665320546
8566	1	0.903269622563
7684	1	0.929422498143
26651	1	0.970611731683
13139	1	0.993570734204
541	1	0.853840702782
4542	1	0.924348140841
4507	1	0.806088784645
10338	1	0.951418089241
22505	1	0.979788802797
26312	1	0.934114001121
1603	1	0.860800428629
30445	2	0.160436777712
8622	1	0.913828529891
30068	2	1.46002746818e-34
8616	1	0.815429338739
8766	1	0.948780967433
10830	1	0.800281520834
22061	1	0.895900155385
2978	1	0.954552432872
14838	1	0.854673636194
19185	1	0.987746182205
9365	1	0.915608305337
31144	2	1.93219521264e-07
9301	1	0.858471024551
26640	1	0.933876250767
22539	1	0.96824146824
845	1	0.951097435338
4514	1	0.800243578939
4489	1	0.808511954926
7258	1	0.857446542434
26295	1	0.798781331715
13057	1	0.890865112601
24370	1	0.893091790434
24342	1	0.90946317634
12008	1	0.897856987425
31441	2	1.93219521264e-07
22492	1	0.827850772075
8602	1	0.866124813857
28644	1	0.880231298194
8565	1	0.935834969542
7637	1	0.977529036086
30284	2	3.64997320967e-137
7275	1	0.977119399098
11331	1	0.964086862644
10834	1	0.901297571327
17250	1	0.921215539331
13069	1	0.918853164894
4745	1	0.980633431147
905	1	0.94988147461
13068	1	0.913284287972
24803	1	0.88001913058
10328	1	0.889724669681
30443	2	0.00040506407781
7652	1	0.943811903335
17389	1	0.927285432033
4550	1	0.999604232062
7630	1	0.991250122683
12052	1	0.954057911841
9318	1	0.868018522243
2522	1	0.97195489575
19521	1	0.862414750682
13084	1	0.926220417455
21499	1	0.889016730584
31799	2	4.31131350813e-08
30073	2	2.58970794677e-09
30253	2	1.93219521264e-07
10803	1	0.829310217012
22098	1	0.963144706801
22118	1	0.964994086936
4603	1	0.92917491566
5796	1	0.994132425323
1610	1	0.904164979123
1609	1	0.91357802329
1618	1	0.88174334323
9363	1	0.871505776791
19550	1	0.927977878723
19503	1	0.932572969341
11523	1	0.895480497769
11498	1	0.970311331963
22519	1	0.96199180683
21523	1	0.937431649823
10339	1	0.966782474892
26677	1	0.920587222435
8643	1	0.917786947697
7300	1	0.848418438115
8607	1	0.996196931356
28703	1	0.897177105078
12019	1	0.976536265892
12095	1	0.896127843338
24828	1	0.990153577656
31877	2	8.61114162649e-05
20401	1	0.920638114446
12029	1	0.915210213495
17385	1	0.905776743569
21623	1	0.846038421366
21635	1	0.844695061339
21634	1	0.845812755592
24848	1	0.99352193853
4401	1	0.975206901648
28695	1	0.867323019976
19137	1	0.87006135466
4555	1	0.999847540802
21505	1	0.903157417666
14986	1	0.723636138991
15013	1	0.816676453652
26663	1	0.958595009829
19181	1	0.940434863178
26658	1	0.890950708943
5832	1	0.9679872092
24373	1	0.972353037434
19190	1	0.91407114433
17410	1	0.8988137521
11288	1	0.986813593288
11484	1	0.96071824272
7685	1	0.971796957703
31080	2	4.07981745598e-06
10796	1	0.870636701479
17249	1	0.870288308842
17247	1	0.959857976276
13067	1	0.894810726938
11357	1	0.96327856578
19180	1	0.933662027614
7265	1	0.996211428617
3474	1	0.977371128204
2561	1	0.916452734193
26285	1	0.972252691185
13103	1	0.864613248974
13107	1	0.88839379001
12040	1	0.992018001908
31972	2	1.93219521264e-07
14997	1	0.817838215665
3246	1	0.970997920456
4407	1	0.901752517649
8557	1	0.889830043306
2012	1	0.953156778327
13093	1	0.966432187228
17434	1	0.901355050809
2990	1	0.918906383299
641	1	0.923231758322
4708	1	0.978439278909
17452	1	0.942460849217
11516	1	0.897722853306
19158	1	0.971144367918
26679	1	0.908500581714
11474	1	0.942687426982
11528	1	0.872607531534
20420	1	0.967428994807
20375	1	0.969670837744
20379	1	0.966681809232
20405	1	0.907661831683
12041	1	0.747750917755
10317	1	0.908291848323
7309	1	0.912032669999
8783	1	0.990715602627
145	1	0.92420481312
1560	1	0.865555265351
1561	1	0.865555265351
1558	1	0.874260285062
473	1	0.895322501179
7294	1	0.875650845084
26668	1	0.953795324639
28687	1	0.929682936672
873	1	0.886231410003
9321	1	0.879125768994
142	1	0.924660196284
4718	1	0.898102771871
2958	1	0.994790971218
8532	1	0.932188336533
28702	1	0.975666825421
17447	1	0.870073086037
10838	1	0.822629634257
4412	1	0.929863970462
13150	1	0.814899644013
5830	1	0.893251471409
14885	1	0.882886376907
24833	1	0.975931359139
14984	1	0.874659477858
22546	1	0.910228183803
13144	1	0.841809676181
26299	1	0.983207184784
31696	2	8.61114162649e-05
22073	1	0.853177594758
10811	1	0.923291618716
10798	1	0.881848361398
19200	1	0.883238247493
14848	1	0.82087558861
11514	1	0.902958284717
2600	1	0.933692024636
24377	1	0.907486720314
10824	1	0.899280020161
4760	1	0.911410949186
13112	1	0.950099945824
28677	1	0.858818697612
19159	1	0.962936256713
28697	1	0.986790215595
24841	1	0.92344466223
26676	1	0.871135861678
31427	2	0.0322217899153
30424	2	4.60320771344e-14
8550	1	0.996900218768
8593	1	0.889687735475
11329	1	0.966560085585
30042	2	4.33366244753e-10
28671	1	0.947364685672
22518	1	0.886889694901
524	1	0.929177680243
8510	1	0.973784202516
8551	1	0.883411545601
21612	1	0.984885597561
13121	1	0.916139026849
4731	1	0.876116449652
4732	1	0.918367903746
4715	1	0.93954331382
1981	1	0.971094676001
12077	1	0.941996099554
12076	1	0.95210147392
12011	1	0.952092909694
29836	2	4.07981745598e-06
8548	1	0.874117693654
20373	1	0.986376037466
30975	2	2.05237592613e-11
2831	1	0.997062948593
763	1	0.997062948593
27777	1	0.94131500877
30276	2	4.07981745598e-06
1916	1	0.970745895965
28669	1	0.992893839575
7636	1	0.924735724774
4540	1	0.864000599337
7287	1	0.851901591759
17386	1	0.971843114056
706	1	0.919370632344
1581	1	0.903925128817
1580	1	0.90468897397
486	1	0.904947220694
485	1	0.904433098649
1577	1	0.904584826292
11507	1	0.919572762974
17411	1	0.944895088359
7649	1	0.972664968028
7304	1	0.994777539883
15017	1	0.84631956841
8782	1	0.873684349246
10337	1	0.871101357634
4529	1	0.753498627003
4599	1	0.796825915326
13145	1	0.873298688687
30661	2	2.58970794677e-09
3377	1	0.88609037295
29439	1	0.909259881807
15020	1	0.814847120982
30016	2	6.1602346995e-30
7293	1	0.95166896394
10325	1	0.901168198226
132	1	0.879936664829
1226	1	0.886216817233
14843	1	0.945944261406
7673	1	0.975835682735
7301	1	0.981711267336
7303	1	0.989472633256
4576	1	0.894272143087
4565	1	0.999931408347
8586	1	0.859495995012
3175	1	0.986042190083
14886	1	0.960742048706
5813	1	0.81091294154
9385	1	0.94546354541
21603	1	0.99162803222
7669	1	0.862842473408
30667	2	2.58970794677e-09
21501	1	0.880513643386
13059	1	0.905103368968
13116	1	0.905464129756
4372	1	0.889101041411
30083	2	2.91742089365e-31
4578	1	0.830305374279
11487	1	0.837920038635
1248	1	0.907831322957
22071	1	0.850787547987
393	1	0.902475096555
17391	1	0.908093086364
26673	1	0.954901955764
19201	1	0.890304148188
17432	1	0.970473087338
17253	1	0.933998542147
4598	1	0.858091389451
10349	1	0.944086475117
19552	1	0.902627636573
31425	2	2.04179212387e-09
28680	1	0.927436285031
13163	1	0.797953900662
31438	2	4.07981745598e-06
30411	2	9.15067712022e-09
26638	1	0.914689068852
26313	1	0.913192007027
14863	1	0.88919812778
4515	1	0.738489329448
15022	1	0.898446690392
21518	1	0.973101468174
31125	2	4.07981745598e-06
13170	1	0.94322866635
8538	1	0.995891027031
30177	2	1.92204830999e-05
28681	1	0.888505786118
28665	1	0.904756580805
26298	1	0.842704420989
13063	1	0.855842402937
21652	1	0.991039505055
4704	1	0.931439483172
18042	1	0.924793113593
660	1	0.950902430166
14840	1	0.922412302371
2348	1	0.879605734974
8520	1	0.890150905405
9290	1	0.81161957091
11269	1	0.959437174741
4389	1	0.920200635619
4701	1	0.969650060975
26660	1	0.85664955615
17239	1	0.831440543221
20384	1	0.934679386311
20382	1	0.971614623171
10323	1	0.857278449725
22489	1	0.931050193319
7695	1	0.97192103686
5795	1	0.990584478297
28668	1	0.99254018318
4574	1	0.944437777781
13154	1	0.893486242251
13147	1	0.861897887582
8526	1	0.865800921239
12082	1	0.940136766969
31949	2	5.16685376637e-20
24333	1	0.989695141204
1262	1	0.892662746975
5833	1	0.990951225186
7276	1	0.862577971497
8506	1	0.807223727342
21599	1	0.989429144723
30409	2	9.66970797574e-11
28682	1	0.991133176754
11310	1	0.873567015247
19526	1	0.907956316035
11313	1	0.924834330689
26652	1	0.963170494788
29438	1	0.914217094578
8608	1	0.866402644366
9347	1	0.920241115903
2938	1	0.944357766462
1212	1	0.874552672392
1214	1	0.920492332545
932	1	0.919173966528
12020	1	0.957370619059
19139	1	0.975099062953
17431	1	0.81586133266
1530	1	0.905347784741
11529	1	0.818488691062
11508	1	0.944305146624
12043	1	0.966835088481
12035	1	0.961670309812
12021	1	0.881486983622
15000	1	0.880760997823
12038	1	0.988655425689
29459	1	0.890291252528
31581	2	0.00821825564009
26257	1	0.943813940867
19567	1	0.870016429363
17396	1	0.887521066145
4332	1	0.944957704909
10797	1	0.908928634598
17384	1	0.976856471406
28302	1	0.883321094145
19517	1	0.950008625506
19499	1	0.951374396818
2256	1	0.886604445052
2257	1	0.886604445052
9307	1	0.861710658105
19558	1	0.886734245649
10324	1	0.88194359726
31698	2	0.0950041625042
22852	1	0.989509662057
21637	1	0.844985739136
19135	1	0.826653878668
26267	1	0.856787677899
22533	1	0.843133216651
8749	1	0.99361936699
7680	1	0.788016430132
4535	1	0.938090138978
8591	1	0.921112762631
30069	2	1.08537285755e-16
4575	1	0.896665428332
8581	1	0.877751634183
8560	1	0.836202540024
24365	1	0.907366449131
2273	1	0.956856603756
14836	1	0.953108798446
11295	1	0.954976821955
4699	1	0.934854495533
22485	1	0.851258887747
587	1	0.992626942203
12022	1	0.98541916586
9338	1	0.841752885371
28714	1	0.983622972135
26301	1	0.976316504138
4526	1	0.884664613742
31695	2	0.160436777712
11314	1	0.962505210767
4338	1	0.98422554697
2826	1	0.928866727571
22111	1	0.861841607367
31659	2	8.61114162649e-05
19204	1	0.892565177952
2902	1	0.930654755722
29875	2	1.93219521264e-07
11272	1	0.952397041159
13088	1	0.960280028736
13051	1	0.829694070018
13089	1	0.948166594307
13095	1	0.809392986018
8614	1	0.866358769364
15019	1	0.984044219891
8583	1	0.889817699173
5824	1	0.864518797045
17387	1	0.947059870871
8575	1	0.887670455128
22512	1	0.892441776304
13903	1	0.893984126072
21650	1	0.913596575599
22115	1	0.891808004398
29457	1	0.910048194126
1053	1	0.981349472784
1055	1	0.981349472784
8773	1	0.963251977054
10826	1	0.870894340142
10816	1	0.737723138933
30173	2	2.58970794677e-09
28649	1	0.877998874623
24804	1	0.854118398614
4753	1	0.981701005013
5827	1	0.824390472592
4531	1	0.761370813569
4523	1	0.868472598078
7315	1	0.949775005742
30432	2	4.31131350813e-08
13110	1	0.956754186066
5829	1	0.871699352156
11531	1	0.832782366912
7632	1	0.939506253574
7633	1	0.996738793258
31434	2	2.2918021714e-15
8568	1	0.914658182181
12083	1	0.906738742607
12084	1	0.907470526799
9390	1	0.864275032712
26306	1	0.967629894521
26272	1	0.954955177885
24795	1	0.881656754286
2136	1	0.978525078224
11530	1	0.849949944657
24379	1	0.929176078802
8601	1	0.994839798475
21527	1	0.888820181693
28672	1	0.984633313147
4758	1	0.791149987744
10808	1	0.836514332633
10844	1	0.924337878421
22097	1	0.929562790742
1469	1	0.991086270384
26262	1	0.805130847443
26310	1	0.894340276227
22496	1	0.877179569501
22540	1	0.987490377192
19156	1	0.927022889274
10351	1	0.93039616032
10821	1	0.83747833939
21601	1	0.889058716169
9281	1	0.986453281748
1030	1	0.890266008431
13136	1	0.942848659368
30383	2	0.0950041625042
8633	1	0.88739118107
31971	2	0.0950041625042
31905	2	2.58970794677e-09
24340	1	0.919057151641
10794	1	0.82249418638
21596	1	0.901331267646
8762	1	0.679797602813
8527	1	0.936115073305
4498	1	0.998703044773
7655	1	0.946068885675
1595	1	0.864589504969
2233	1	0.971050908466
9368	1	0.911700532594
1501	1	0.935882925646
1592	1	0.888141649459
30012	2	2.99627403099e-80
22508	1	0.885768572037
26650	1	0.884882583618
20380	1	0.963240508609
26628	1	0.991340812144
28704	1	0.978258756068
11302	1	0.906183078809
30080	2	4.31131350813e-08
11337	1	0.965267676435
22542	1	0.847530333576
26680	1	0.934654695049
19543	1	0.990475745499
1663	1	0.947296227248
1343	1	0.981251853797
14865	1	0.941197030155
4360	1	0.963189412242
4333	1	0.879675649855
1569	1	0.895322501179
19508	1	0.903455738921
26315	1	0.861135009587
13091	1	0.986469511362
13166	1	0.956574211687
13164	1	0.783569269776
8564	1	0.886326692826
22551	1	0.958736181322
20333	1	0.879753421347
19539	1	0.96576302183
18094	1	0.931664309887
2423	1	0.931369519268
17441	1	0.971385032874
14866	1	0.984912301864
26269	1	0.903855461047
11501	1	0.945273055341
9295	1	0.788699367013
5826	1	0.958616401424
12054	1	0.840810570391
21653	1	0.911589499098
13118	1	0.904294179268
21645	1	0.99667886158
12080	1	0.949078219895
17455	1	0.826921805605
2155	1	0.952951031504
12060	1	0.970944699461
4750	1	0.839345598157
19573	1	0.911960099109
28721	1	0.894032937584
28712	1	0.974321452032
30385	2	4.07981745598e-06
22126	1	0.922792921298
11360	1	0.934917175182
8596	1	0.965165372473
8791	1	0.745970594935
22503	1	0.786891913966
17424	1	0.845075872685
10336	1	0.893506725793
7678	1	0.965644427352
21614	1	0.841773306081
14888	1	0.874631938823
7650	1	0.960238396253
12087	1	0.902940023523
1340	1	0.908270154832
9346	1	0.838086102615
11336	1	0.887091940168
11279	1	0.873309130302
11353	1	0.890248139473
5810	1	0.957885356545
12010	1	0.928991335627
11518	1	0.951111058557
12097	1	0.942803833784
22092	1	0.945348574839
22106	1	0.954389446866
31661	2	0.131402092535
22110	1	0.886899390359
4556	1	0.873150271373
13168	1	0.929390895329
13128	1	0.872236835057
8509	1	0.777206990656
12030	1	0.905062776062
26636	1	0.934482765095
4687	1	0.960241495675
13151	1	0.882522762564
5820	1	0.885685902382
3000	1	0.995595227531
7262	1	0.934381109627
2960	1	0.995204489991
14881	1	0.980572387869
11525	1	0.95999974212
22544	1	0.860214966689
14852	1	0.889446300792
11301	1	0.899121843053
11355	1	0.916064283572
17400	1	0.972522736406
5802	1	0.92419679392
7643	1	0.840243477942
19191	1	0.894936915306
3083	1	0.938461848785
12023	1	0.943646545955
3284	1	0.88609037295
9357	1	0.855007415302
17241	1	0.823980563331
1224	1	0.886989976101
24348	1	0.826381509699
28657	1	0.965654842042
12047	1	0.857508540066
17401	1	0.945949657617
20406	1	0.836066835796
28661	1	0.948122840704
4366	1	0.965986364603
19541	1	0.956492061406
30431	2	9.15067712022e-09
8613	1	0.839981894928
22513	1	0.942857193471
14988	1	0.85251037704
14985	1	0.869222348
8612	1	0.807043013681
28656	1	0.948401566018
11513	1	0.847285642088
11277	1	0.826797037196
4711	1	0.908293943556
31941	2	2.58970794677e-09
24843	1	0.93190901065
29456	1	0.922218405952
19177	1	0.873910763939
14868	1	0.905282521749
24376	1	0.925616994299
14853	1	0.862985411748
2595	1	0.856349396055
4710	1	0.969538723464
20377	1	0.942064695297
28706	1	0.989296264556
9274	1	0.791467656742
4373	1	0.982778599517
4544	1	0.824729191341
4568	1	0.684648658694
4521	1	0.861662047611
7286	1	0.905631663829
26670	1	0.987186907709
15033	1	0.883167002445
14991	1	0.885085277584
15031	1	0.851974949571
9391	1	0.832888118653
11290	1	0.861253725743
28645	1	0.895451209738
11286	1	0.91340908579
30074	2	1.15885695239e-22
28654	1	0.886658686107
10805	1	0.906018142961
21509	1	0.862260714949
9339	1	0.891560447939
13138	1	0.932638402876
12036	1	0.907666868049
26320	1	0.961721493686
7279	1	0.879929453884
12091	1	0.869374040621
5818	1	0.812424892136
1476	1	0.979171514538
19546	1	0.908102178439
19572	1	0.94535936206
9356	1	0.947871345867
24868	1	0.884468692232
10829	1	0.865440102622
9394	1	0.961113174075
20393	1	0.942045598032
19489	1	0.870062861781
19533	1	0.905496249258
7291	1	0.904968620202
24369	1	0.831930212608
14990	1	0.855589244736
4377	1	0.845841496601
7292	1	0.911936447659
4595	1	0.886861247877
4775	1	0.886978747621
22832	1	0.926566193465
17423	1	0.950105419858
1528	1	0.95919344462
11343	1	0.900559625927
2357	1	0.896955112974
2358	1	0.95629434263
11345	1	0.939485797017
11356	1	0.966902712758
22524	1	0.950592621771
9378	1	0.953797126184
8553	1	0.905770425099
10335	1	0.87042647528
11475	1	0.94784639619
21493	1	0.964162556973
8778	1	0.882624980172
20544	1	0.884137201628
7299	1	0.896365422977
7295	1	0.904339856978
24883	1	0.962359898883
3124	1	0.986761607943
4411	1	0.908033451308
11299	1	0.886787912115
13149	1	0.927494970576
13148	1	0.918588364859
901	1	0.964280249922
26293	1	0.872888129907
28663	1	0.954789516221
9312	1	0.872648881595
31898	2	0.00180265973057
7314	1	0.764100521426
8584	1	0.889118581215
11322	1	0.925513493926
2162	1	0.906814619639
11358	1	0.924144675031
1998	1	0.961606477872
9313	1	0.94366082978
31658	2	1.93219521264e-07
19182	1	0.971011242004
17413	1	0.878564938039
26304	1	0.891765037395
4759	1	0.97002285219
31655	2	2.05237592613e-11
24862	1	0.934000981513
24839	1	0.944708019978
4547	1	0.902227533507
4525	1	0.90233781591
31879	2	2.58970794677e-09
7319	1	0.98714114679
1871	1	0.925782981983
31601	2	2.58970794677e-09
4504	1	0.755360610873
4536	1	0.848648037906
7311	1	0.913542285972
10837	1	0.814161775998
2985	1	0.955292061497
4725	1	0.929143562257
31583	2	0.00040506407781
4730	1	0.867126665877
11522	1	0.835250970452
1464	1	0.978507924581
5819	1	0.851304656045
12067	1	0.977644887128
5807	1	0.945428044646
21639	1	0.993353899969
11510	1	0.991889360957
2044	1	0.995025075301
7661	1	0.994751485222
2036	1	0.995051433728
4694	1	0.873601567441
22511	1	0.935116477949
15009	1	0.851540647108
19493	1	0.99019592672
17458	1	0.934285533963
12064	1	0.90301496236
10333	1	0.899007790547
10346	1	0.91127571957
8598	1	0.842408686807
8609	1	0.979003516725
8759	1	0.999705755321
15024	1	0.871037006082
22536	1	0.814425452751
4696	1	0.946607842285
15012	1	0.827977380416
1763	1	0.89886592799
28725	1	0.882218869163
4762	1	0.92410113091
4703	1	0.918518394667
4720	1	0.992279206475
12046	1	0.965840272961
21651	1	0.945099562864
26289	1	0.957124840524
8570	1	0.927855073569
26273	1	0.934848100229
24865	1	0.975588027862
2177	1	0.983228400194
11517	1	0.990913992557
22509	1	0.922189717547
22527	1	0.925835924206
9369	1	0.89809234124
24357	1	0.962247726372
22543	1	0.816780536258
24882	1	0.915114378092
8600	1	0.985412273054
4331	1	0.977271302244
19564	1	0.984469750994
26300	1	0.97345208935
26281	1	0.973989534642
19531	1	0.87033465983
9306	1	0.931502609408
22520	1	0.789304430996
19202	1	0.838146467734
24344	1	0.919932718381
20324	1	0.842102446437
4742	1	0.951063016922
19559	1	0.984371756532
4378	1	0.884790253918
1889	1	0.990264202663
795	1	0.988124604729
22872	1	0.898294852934
22515	1	0.962112851843
8559	1	0.91559967667
2057	1	0.909322559381
17448	1	0.93985425729
11495	1	0.887003793998
28686	1	0.894959415185
1512	1	0.994675210903
28707	1	0.910693774792
28667	1	0.995223883313
24873	1	0.877753436502
11318	1	0.869766277348
11346	1	0.834891642259
13888	1	0.925510419371
11308	1	0.934883214196
24840	1	0.867835989097
5821	1	0.9150452514
26647	1	0.840470349421
19556	1	0.685975794514
19555	1	0.970775548098
4766	1	0.928200370924
28685	1	0.972286696322
225	1	0.905665274835
13153	1	0.779211456683
22500	1	0.851662357253
4600	1	0.999900560393
19569	1	0.943626788726
12026	1	0.98967269947
19495	1	0.933339637083
19574	1	0.944438790367
19568	1	0.954246242714
19547	1	0.906107774192
31432	2	0.0322217899153
17459	1	0.926155204551
12028	1	0.780329795354
8556	1	0.873218573605
29507	1	0.985841233923
14887	1	0.948645115664
24367	1	0.903585204599
4508	1	0.999931408347
22504	1	0.974342171123
5835	1	0.922830371446
26322	1	0.950486438024
4748	1	0.949222139349
12053	1	0.973194309449
9273	1	0.952584562403
30732	2	2.58970794677e-09
31714	2	7.97096488446e-91
4707	1	0.850404119672
4688	1	0.991488563584
8592	1	0.943168690919
8798	1	0.999705755321
13114	1	0.966640261554
24339	1	0.897950767196
8621	1	0.892385538386
21489	1	0.775361363961
19162	1	0.91539269967
7687	1	0.85949145598
7278	1	0.990740134391
4494	1	0.793613034446
1206	1	0.870478153718
8530	1	0.868987907127
22528	1	0.842485195213
29941	2	9.1034474896e-07
24358	1	0.909922670096
9311	1	0.89665552645
8625	1	0.970645473624
4336	1	0.881119958716
24354	1	0.969631239223
19563	1	0.93152825594
30015	2	1.30075477404e-28
8610	1	0.827665059335
11278	1	0.955203101269
4383	1	0.936306757769
28675	1	0.944108006264
9359	1	0.894297396356
12034	1	0.974097055935
9361	1	0.805805797234
1307	1	0.932381306268
1311	1	0.871143371573
21521	1	0.992952241805
8781	1	0.94513040992
26309	1	0.921764532474
11509	1	0.988792737049
10843	1	0.922165129119
10815	1	0.950949475642
22486	1	0.917530184643
12027	1	0.959727874742
12066	1	0.922099397041
24335	1	0.959119041703
9300	1	0.824272938787
30207	2	0.00180265973057
21628	1	0.897739925862
8595	1	0.84221628876
31506	2	2.58970794677e-09
26637	1	0.938352242502
8543	1	0.897516428652
22550	1	0.895148502507
4698	1	0.862593947297
10800	1	0.792296923466
31665	2	2.05237592613e-11
24812	1	0.924378963798
4532	1	0.795190408541
21607	1	0.999492146868
13159	1	0.795793621149
20334	1	0.858918045814
11496	1	0.852024493812
977	1	0.907456140344
7312	1	0.877816008478
7288	1	0.893990370613
4501	1	0.776773065678
10841	1	0.896010625676
15014	1	0.857873825978
17422	1	0.917291565001
1240	1	0.911177053282
4350	1	0.940832849032
2160	1	0.945583403096
14869	1	0.82120800732
8541	1	0.811184441526
19169	1	0.921710599103
10836	1	0.861315643987
29989	2	2.58970794677e-09
22072	1	0.891446620733
30423	2	2.58970794677e-09
12045	1	0.986441076284
17393	1	0.896923024252
24378	1	0.902692817136
11265	1	0.987398128369
27745	1	0.897632189598
4746	1	0.991340341113
30507	2	2.2918021714e-15
24364	1	0.915651474237
2022	1	0.981578422576
19518	1	0.897060018133
24355	1	0.909066252039
9344	1	0.883984187416
12070	1	0.769024432028
12009	1	0.916944707774
21618	1	0.91247369197
22532	1	0.816844902641
8558	1	0.878233119968
17390	1	0.799383333384
28655	1	0.937799534803
30973	2	9.15067712022e-09
24859	1	0.933268387602
4490	1	0.884126176391
1122	1	0.983769942425
26268	1	0.960512886536
26266	1	0.923584072974
26648	1	0.861217937008
31355	2	3.29162286216e-39
21604	1	0.896635459814
17428	1	0.934720360133
30707	2	2.58970794677e-09
19522	1	0.946677854701
17453	1	0.997147705008
31586	2	8.61114162649e-05
28717	1	0.906845736692
17443	1	0.930620163798
9337	1	0.946766948722
10342	1	0.991218567393
10331	1	0.969605864927
13160	1	0.81845283603
7260	1	0.947810653927
7644	1	0.960533246893
8521	1	0.915389354012
8562	1	0.809452065883
13081	1	0.818070054424
7692	1	0.959327453527
12006	1	0.822810378147
24371	1	0.893538118222
13066	1	0.982332719783
13060	1	0.970383421907
11324	1	0.985021796537
4376	1	0.983974094062
26646	1	0.925983431924
29760	2	0.00040506407781
26317	1	0.871284129794
30254	2	2.05237592613e-11
10319	1	0.987360245582
10840	1	0.890799941005
22534	1	0.826382173963
13108	1	0.891115395144
30990	2	2.58970794677e-09
28676	1	0.939513658504
19512	1	0.890182471317
8639	1	0.996424671704
31954	2	4.57946969119e-12
7308	1	0.871995622994
1689	1	0.870255528768
2782	1	0.884094503048
8769	1	0.986955092693
4570	1	0.868160753916
30711	2	2.58970794677e-09
14893	1	0.952830371846
4351	1	0.829988908633
21495	1	0.811078039558
28724	1	0.956862495288
13117	1	0.98315639892
28713	1	0.903547025249
31358	2	8.61114162649e-05
24813	1	0.892427511967
28666	1	0.985118764221
19196	1	0.905107359321
29661	1	0.868139259455
11489	1	0.834948586863
14882	1	0.990360980272
20566	1	0.825249063293
13113	1	0.884266710365
5811	1	0.798881462332
11298	1	0.98079852507
9282	1	0.900194930239
7651	1	0.906330704914
1193	1	0.870464504908
14996	1	0.892150762998
2080	1	0.949545270373
4728	1	0.904961020415
4741	1	0.993474244775
13092	1	0.879252201052
27751	1	0.935125611923
11260	1	0.890255206797
11306	1	0.875568975132
24850	1	0.970985245076
24849	1	0.973778492896
28691	1	0.962898323797
24881	1	0.958126350121
13062	1	0.948007569267
26631	1	0.853478824242
30585	2	0.00040506407781
4393	1	0.967571615886
4752	1	0.993802478654
12073	1	0.938319382152
26282	1	0.862124522533
612	1	0.930134010838
7257	1	0.992953458034
10807	1	0.874934388142
19534	1	0.79829881413
8552	1	0.910964665848
4571	1	0.568572841309
13100	1	0.815431779728
7653	1	0.85915190171
7269	1	0.83044844649
17427	1	0.877326574843
19209	1	0.93893911171
17240	1	0.844804195169
1110	1	0.937073876792
15	1	0.935248015042
1253	1	0.88147112571
4712	1	0.966601011121
24337	1	0.810225726894
8528	1	0.956362854869
20413	1	0.914597870617
26287	1	0.969102533878
19561	1	0.897594965314
334	1	0.90827198173
5825	1	0.991614280453
7641	1	0.971780008304
4780	1	0.836917056531
31442	2	8.61114162649e-05
21610	1	0.987130921008
8620	1	0.98223440497
8788	1	0.999855547944
7281	1	0.91623961052
22522	1	0.725807230769
8561	1	0.781905534385
28674	1	0.853961735498
24864	1	0.903845133703
14864	1	0.997210727373
11347	1	0.977133045283
3054	1	0.978678203756
12085	1	0.89862936272
19504	1	0.760248477594
10814	1	0.835906125437
11515	1	0.887958723768
10793	1	0.93862776942
8523	1	0.902023565733
2007	1	0.98504799551
11323	1	0.984640714598
30673	2	2.58970794677e-09
4764	1	0.962844804835
11497	1	0.876721980111
8637	1	0.897673746973
8797	1	0.889287800357
24345	1	0.972461151505
31594	2	2.58970794677e-09
8635	1	0.942646042259
13127	1	0.839077995063
13134	1	0.911474296596
19210	1	0.980971176285
4743	1	0.959249410379
21519	1	0.899651927113
19194	1	0.857793264867
10845	1	0.892728237598
2383	1	0.984341941057
2016	1	0.985773163877
9285	1	0.834832405535
1168	1	0.949496036923
9322	1	0.932772349298
19197	1	0.883290407253
4761	1	0.821664492017
21617	1	0.903568879607
19523	1	0.873659282276
17456	1	0.850208390297
11303	1	0.920401005408
21602	1	0.883601582283
26292	1	0.778210839753
31145	2	0.0322217899153
7694	1	0.908817960722
17449	1	0.927095521171
7691	1	0.944392836059
1000	1	0.912489695456
22514	1	0.941589383146
19509	1	0.827494958296
11526	1	0.98957187329
695	1	0.921930771826
31235	2	1.46002746818e-34
17394	1	0.890139734174
1790	1	0.917249577637
17404	1	0.970237198883
7268	1	0.818065615303
24798	1	0.932181947147
28651	1	0.981295838122
19171	1	0.974363549434
679	1	0.92457811813
8743	1	0.771836356992
4506	1	0.999705755321
22127	1	0.928488615448
10835	1	0.974205112126
4739	1	0.945836953019
4721	1	0.949704933256
4413	1	0.885115968095
9293	1	0.871951510443
1620	1	0.883471523912
1624	1	0.861084993616
1623	1	0.861330027625
8576	1	0.843241363748
11478	1	0.830508006642
17442	1	0.916931096431
9305	1	0.959736020659
12055	1	0.924482946142
9330	1	0.948919256692
12088	1	0.976085717143
1346	1	0.915751780015
8640	1	0.859363042946
22096	1	0.9178102938
978	1	0.981814972456
14875	1	0.898412431864
17251	1	0.951140159259
31807	2	1.15288090835e-20
1630	1	0.854617263914
20342	1	0.838468516763
1602	1	0.860800428629
4492	1	0.841191610171
4579	1	0.843516844069
4518	1	0.807624163592
21611	1	0.88330537349
30922	2	4.31131350813e-08
28646	1	0.995360608605
8780	1	0.999690085083
8597	1	0.99317184636
11271	1	0.981579029972
24819	1	0.972661834248
19167	1	0.909874669618
7645	1	0.885918546032
13064	1	0.956833320617
13080	1	0.858991841859
638	1	0.981741502813
1272	1	0.899894889981
1271	1	0.894537403401
4757	1	0.917408759592
19553	1	0.933539959229
4392	1	0.922476408613
21629	1	0.953285598318
10825	1	0.839182615605
11351	1	0.883153060826
24816	1	0.930748128667
302	1	0.986410737583
11339	1	0.919608443738
15025	1	0.882243148373
73	1	0.918906383299
24346	1	0.884319671386
13076	1	0.884169661106
7663	1	0.919645733724
8588	1	0.833248001758
321	1	0.983774185036
7639	1	0.908906782883
11275	1	0.959438048539
24830	1	0.911522172712
24811	1	0.881332747767
13155	1	0.912585390461
72	1	0.908174320244
7682	1	0.971189632492
19203	1	0.97734541175
26280	1	0.835493852324
17383	1	0.854526215016
4719	1	0.742522970443
21633	1	0.890203595113
8569	1	0.925543389658
29535	1	0.873973711418
8760	1	0.862530456459
22490	1	0.858065511625
17425	1	0.984765440071
21500	1	0.90479496356
13079	1	0.955765687687
3481	1	0.988704198545
2279	1	0.988704198545
28670	1	0.876376074171
20322	1	0.971773151589
4361	1	0.981345074523
422	1	0.898086846583
8578	1	0.881779687326
26261	1	0.915708101883
31603	2	2.58970794677e-09
17450	1	0.890235563414
13106	1	0.959013905264
9392	1	0.913033984161
29500	1	0.911434796928
12096	1	0.822620510015
12099	1	0.968627263729
8508	1	0.997380631716
22851	1	0.97131830278
13123	1	0.96138292994
21638	1	0.920358232542
2441	1	0.98586442031
24879	1	0.900322160893
24842	1	0.904586568752
22074	1	0.838084800896
4769	1	0.895544922553
2599	1	0.933692024636
4767	1	0.902524926702
4771	1	0.965734948443
4768	1	0.960316871754
4770	1	0.887324579169
4740	1	0.875260931537
4736	1	0.874217171119
5831	1	0.983115700612
20389	1	0.970088302343
276	1	0.97110800512
8549	1	0.877690483114
4697	1	0.911466631214
30174	2	2.58970794677e-09
21616	1	0.853701967897
21621	1	0.83707805127
474	1	0.967187306369
21514	1	0.973321443977
31664	2	4.07981745598e-06
17437	1	0.940763576857
14837	1	0.934989981713
13096	1	0.787753153789
4585	1	0.920658814057
8546	1	0.978676549787
7660	1	0.992526071251
28715	1	0.966638798978
1116	1	0.981608472505
1268	1	0.924092252799
12068	1	0.990843274872
14858	1	0.995731401699
14890	1	0.921775561062
19160	1	0.965413502311
21625	1	0.974925501375
15026	1	0.895192928441
2523	1	0.990404676547
28719	1	0.920612516781
2373	1	0.914948220052
11287	1	0.981887968462
2144	1	0.946041513439
24877	1	0.931074120847
4530	1	0.999869362648
8529	1	0.96595084781
4582	1	0.943825187899
26291	1	0.851160945157
28679	1	0.898188504012
26265	1	0.852887666304
29942	2	9.66970797574e-11
21508	1	0.826520946822
30013	2	4.57946969119e-12
13102	1	0.833182860923
9294	1	0.819939943987
530	1	0.931226641642
15029	1	0.926094967608
4705	1	0.890540926269
29462	1	0.829931615756
31060	2	8.61114162649e-05
2400	1	0.982236708212
10352	1	0.937397399677
19163	1	0.908108448554
10330	1	0.902021548487
31652	2	0.0322217899153
10806	1	0.937745565066
20545	1	0.925076219088
13077	1	0.900351482811
2726	1	0.944669312847
7677	1	0.974965559136
4755	1	0.940777731838
29761	2	2.05237592613e-11
4573	1	0.848459828349
21515	1	0.875795146093
4367	1	0.894784715964
11262	1	0.959607891389
11491	1	0.857170123188
11334	1	0.99298524023
11332	1	0.956131957793
24831	1	0.850449199149
26274	1	0.953818141161
8742	1	0.798189345676
18043	1	0.974682334703
17433	1	0.983573200707
21528	1	0.893460627368
13105	1	0.87414546238
8545	1	0.886449219848
29502	1	0.828126194724
12065	1	0.964235056732
15030	1	0.821602879093
13126	1	0.877563601233
19506	1	0.829319977534
19492	1	0.915071171189
19570	1	0.895169565082
8533	1	0.84108719635
5817	1	0.990645091045
8540	1	0.991139120658
21503	1	0.900184431835
7271	1	0.892789910546
8774	1	0.848754332064
30203	2	2.58970794677e-09
8603	1	0.876516260082
24861	1	0.932056278174
7267	1	0.760897485505
24858	1	0.995261667689
22502	1	0.884045062544
10802	1	0.856103129147
4729	1	0.837575903027
296	1	0.920441514712
30979	2	9.66970797574e-11
494	1	0.903377042088
493	1	0.904792923088
489	1	0.90468897397
31904	2	2.58970794677e-09
15007	1	0.907232880249
4774	1	0.921485353446
24874	1	0.977706860712
19560	1	0.885431910101
11524	1	0.847292297584
26657	1	0.92429050136
26321	1	0.847771428997
5822	1	0.856150597715
7255	1	0.850532394514
24360	1	0.85707324228
26305	1	0.967111003139
5804	1	0.889894452319
8768	1	0.985354979935
8767	1	0.999911813058
7273	1	0.713178067258
31126	2	8.63677682639e-06
13090	1	0.994594080566
8796	1	0.944562455999
3033	1	0.969389588537
10799	1	0.786833114063
11521	1	0.952083254111
1258	1	0.971673929094
4754	1	0.874280291959
4724	1	0.989870473104
11325	1	0.9491756236
22491	1	0.82296503079
15010	1	0.874670814428
15037	1	0.97016405522
14860	1	0.916771733964
13143	1	0.908395771564
4551	1	0.844871108542
352	1	0.989669941026
13075	1	0.863092556683
24330	1	0.842239030135
24338	1	0.938667419808
22531	1	0.79459387041
8571	1	0.922238858993
19183	1	0.960782036945
8785	1	0.996561519082
19154	1	0.917258778939
9298	1	0.896395340042
10831	1	0.917186433015
10827	1	0.868491385302
20385	1	0.944783167264
17415	1	0.908396285968
14867	1	0.9050022925
21632	1	0.990148232012
4734	1	0.945955695701
4723	1	0.944111094225
17409	1	0.847571265898
13867	1	0.931775863695
21497	1	0.808239978709
21520	1	0.815350216657
7674	1	0.927983384699
7296	1	0.938989926434
7317	1	0.903085479273
30444	2	0.00180265973057
29876	2	0.00180265973057
24832	1	0.900740573562
22537	1	0.881488003309
4516	1	0.977139196003
8779	1	0.820657458776
30071	2	1.74975602738e-46
7284	1	0.952156710967
20409	1	0.756034742687
12101	1	0.954368027157
9320	1	0.806563498682
9319	1	0.865049870496
28709	1	0.909476844146
19498	1	0.845376724691
31913	2	0.00821825564009
4584	1	0.999549754425
26279	1	0.880036267175
26671	1	0.985310915599
24853	1	0.878622916647
4702	1	0.987393684512
17421	1	0.983951574243
11486	1	0.85538134661
17420	1	0.986526761708
19178	1	0.90348167958
4509	1	0.999931408347
7270	1	0.830329495891
12013	1	0.936137427147
10832	1	0.956165205139
11477	1	0.82274736859
31656	2	0.00180265973057
7302	1	0.808031104653
7283	1	0.810387232467
20387	1	0.980936133282
7289	1	0.947532354939
13133	1	0.819795589112
509	1	0.91382405907
1604	1	0.869332998927
512	1	0.913884721243
1599	1	0.869554112829
507	1	0.871668274931
9303	1	0.894689352569
21649	1	0.952776832376
8505	1	0.756977711584
10318	1	0.886590210026
14999	1	0.866257038348
22541	1	0.941961550828
10321	1	0.778636458338
19145	1	0.869321868176
4763	1	0.85515004832
16	1	0.905451272715
22507	1	0.819592004723
8599	1	0.865787807261
1232	1	0.972266578257
26666	1	0.992016303104
31917	2	9.15067712022e-09
12062	1	0.908274535482
21597	1	0.928266528602
9266	1	0.938616092508
21620	1	0.875912923469
9326	1	0.894173645735
30980	2	9.15067712022e-09
4776	1	0.954245181928
30384	2	9.1034474896e-07
11316	1	0.888870039978
19501	1	0.922972875035
2493	1	0.946498493447
7642	1	0.882491763417
2250	1	0.921399066116
1557	1	0.864508346013
17399	1	0.88920739919
26276	1	0.977740759176
13101	1	0.872190050349
26316	1	0.935810505494
19571	1	0.883535422271
31700	2	8.61114162649e-05
26319	1	0.971313459312
22529	1	0.925783783464
22493	1	0.831526311087
8524	1	0.917920829961
10343	1	0.881598178627
8554	1	0.972720238988
30014	2	1.08537285755e-16
8790	1	0.850681149215
10320	1	0.838900679048
4519	1	0.504775784009
8580	1	0.881588704039
19134	1	0.874712969686
17446	1	0.943354682996
13072	1	0.984776597679
1906	1	0.975786110998
31798	2	4.31131350813e-08
301	1	0.986770065097
12004	1	0.929590784803
7635	1	0.964773229521
26659	1	0.830557742386
22112	1	0.867900712232
13893	1	0.94115446887
10329	1	0.967011846101
8641	1	0.944688343999
29944	2	2.04179212387e-09
26307	1	0.904755001367
26665	1	0.991097057623
28647	1	0.898961421493
2398	1	0.964073978496
2520	1	0.917900856862
11273	1	0.965759478998
4368	1	0.833333023198
26643	1	0.961439758051
13165	1	0.975205801759
1247	1	0.926064508469
11348	1	0.965133703195
15023	1	0.988688884626
17435	1	0.980892277614
18074	1	0.904206168804
15021	1	0.836277891165
19179	1	0.896795378021
12078	1	0.945259355969
12079	1	0.948818389768
9396	1	0.86136535778
20376	1	0.980563985457
31531	2	3.09887871852e-35
5837	1	0.843570129156
4586	1	0.94135579084
7689	1	0.838994638362
2829	1	0.941206774148
9341	1	0.897410296926
17418	1	0.987472172109
1553	1	0.86553258523
1552	1	0.864483389926
1556	1	0.864508346013
5799	1	0.91710479471
11482	1	0.939811172263
7664	1	0.987504930172
11527	1	0.931310763542
11344	1	0.930139152172
30408	2	9.1034474896e-07
13097	1	0.94642655791
1716	1	0.957601615707
10334	1	0.87735703126
7665	1	0.94571131427
19208	1	0.901260892032
19148	1	0.858570417857
11342	1	0.929871330164
30446	2	0.00180265973057
8761	1	0.999705755321
26288	1	0.985880819547
137	1	0.90902837597
1231	1	0.908583234354
22495	1	0.804620102263
4561	1	0.963741052722
26314	1	0.90666246466
13086	1	0.990504404601
10354	1	0.951195360548
21513	1	0.878725516648
11326	1	0.908980963151
24867	1	0.967347348996
9380	1	0.949759960111
17445	1	0.931014162547
11291	1	0.899727714773
11333	1	0.904808866519
7285	1	0.879892284273
30581	2	8.61114162649e-05
18073	1	0.896910973319
17430	1	0.994212197257
11480	1	0.882721797155
9325	1	0.905120222722
9393	1	0.977881947681
9386	1	0.95080533313
9284	1	0.873104236049
14998	1	0.872668067534
7259	1	0.99264422388
28689	1	0.898001639312
26290	1	0.857726857183
10809	1	0.86719392915
8799	1	0.999705755321
8632	1	0.939865846434
24875	1	0.899489974446
21647	1	0.930218839546
17242	1	0.89081051271
19146	1	0.836124897952
1493	1	0.933891127128
11483	1	0.937592664678
2562	1	0.915322302236
1835	1	0.915322302236
5812	1	0.896628563834
12242	1	0.960687356564
28678	1	0.872683025731
24801	1	0.986847829558
8624	1	0.913102517448
7686	1	0.946898365994
8539	1	0.911191275803
8594	1	0.750384949899
7263	1	0.801724240329
13161	1	0.882134103133
7264	1	0.997773719961
8537	1	0.886196080834
24797	1	0.871572752504
2300	1	0.905389743323
30646	2	0.00040506407781
1198	1	0.871822277922
28643	1	0.915936190078
8765	1	0.999157577953
4749	1	0.86251678157
4690	1	0.937622418996
10327	1	0.996550582646
8604	1	0.911727900574
26275	1	0.970579980057
21648	1	0.962151438838
4583	1	0.87592251335
10344	1	0.995670082846
336	1	0.969676671057
24332	1	0.961502164527
11311	1	0.932972581369
11300	1	0.971862970171
2173	1	0.969507975913
758	1	0.970765140356
26263	1	0.831773962884
24336	1	0.824047523496
7646	1	0.921984386123
9342	1	0.897345967445
12049	1	0.923432306523
14983	1	0.833263378744
13140	1	0.982444111114
1576	1	0.904584826292
1567	1	0.895322501179
24328	1	0.905336766336
1570	1	0.895124717669
1571	1	0.890900612842
24353	1	0.836754635555
480	1	0.890900612842
8747	1	0.996179236095
31863	2	2.58970794677e-09
4751	1	0.888753678669
11285	1	0.916182472623
20388	1	0.903741990723
2628	1	0.939564872424
808	1	0.962051544336
30592	2	1.92204830999e-05
13073	1	0.929083068238
10345	1	0.994824189701
28716	1	0.867752310785
4747	1	0.886661636325
7631	1	0.977154724534
19144	1	0.988800013746
15036	1	0.967160402644
19192	1	0.884637061523
1400	1	0.918394596101
7683	1	0.976797059614
21522	1	0.87389733619
1221	1	0.894476200443
9267	1	0.934937087757
9269	1	0.872637537314
11307	1	0.970035949944
5805	1	0.982785541584
17416	1	0.912760827482
2824	1	0.986514367628
32002	2	2.58970794677e-09
20414	1	0.934327829807
11494	1	0.858006722117
11327	1	0.95418399819
26284	1	0.983727017671
19548	1	0.991759841805
30894	2	8.61114162649e-05
28720	1	0.898374589776
13152	1	0.873537889343
1893	1	0.950307185334
22122	1	0.881528293777
1892	1	0.951389483794
19519	1	0.971003585992
22102	1	0.920021336443
22103	1	0.909497924625
22069	1	0.92521911588
22068	1	0.886574226455
11502	1	0.888163508863
5834	1	0.899128285925
1563	1	0.895322501179
22835	1	0.797097718748
19155	1	0.833206881773
19151	1	0.833206881773
31666	2	1.93219521264e-07
20411	1	0.894085683194
21626	1	0.823216283003
20386	1	0.924046486454
12044	1	0.920862955409
22535	1	0.896427995665
26669	1	0.844197660057
11503	1	0.794854554149
13135	1	0.950235572462
26649	1	0.847438279347
17407	1	0.944062607615
31693	2	2.58970794677e-09
8642	1	0.891857825154
7640	1	0.921957964587
4592	1	0.987292387307
8547	1	0.886896604195
28650	1	0.926506683838
10813	1	0.888592455194
28698	1	0.953319031769
21510	1	0.925773035957
30031	2	6.1602346995e-30
31435	2	4.31131350813e-08
13125	1	0.919118018708
21605	1	0.910622282212
19530	1	0.932666059387
54	1	0.98175054195
19532	1	0.865752494824
3405	1	0.909073962747
513	1	0.951405595823
12018	1	0.928818493485
21641	1	0.956391937154
4403	1	0.975449115339
13070	1	0.86483696552
29534	1	0.9424368522
15034	1	0.953141418683
8628	1	0.935201856903
5839	1	0.905967159812
17402	1	0.966846118037
11512	1	0.918933048908
8638	1	0.925347613744
8582	1	0.901472639879
28673	1	0.888104793726
20412	1	0.946069762203
30435	2	4.31131350813e-08
13883	1	0.847449662533
2794	1	0.888820181693
10833	1	0.816020958772
22063	1	0.811338465189
8634	1	0.920372813826
19175	1	0.817243423732
4691	1	0.915148635109
14992	1	0.943741257265
19143	1	0.909709559736
11264	1	0.953818043166
2703	1	0.930287265514
11349	1	0.917304962391
4709	1	0.894891876159
13094	1	0.982232825263
21504	1	0.928080610251
11328	1	0.906859509843
11259	1	0.897173258917
24838	1	0.907254181504
5836	1	0.924128441825
7313	1	0.857427591186
7688	1	0.987527281177
24351	1	0.972321641261
26296	1	0.884060419286
24368	1	0.892688799533
26259	1	0.798561290973
95	1	0.988643506545
15035	1	0.905848021218
29503	1	0.913791366476
15032	1	0.972438087693
9283	1	0.842607616457
26303	1	0.946372188527
19510	1	0.868766844565
19511	1	0.900165893176
21646	1	0.777566296423
30974	2	4.07981745598e-06
721	1	0.942237746121
19149	1	0.941791060517
10795	1	0.789773474649
22119	1	0.904426445245
24329	1	0.955858385743
9289	1	0.853683339542
1457	1	0.905666622251
1094	1	0.877741692867
19165	1	0.828692664101
1470	1	0.981607920546
19545	1	0.924209766624
19524	1	0.993536397707
425	1	0.961672250473
9345	1	0.891288682952
26661	1	0.887790840586
29786	2	1.92204830999e-05
26270	1	0.906428598307
31217	2	9.12704857066e-08
26664	1	0.95737366186
4717	1	0.882454791742
13167	1	0.927463147951
8534	1	0.845836631795
171	1	0.993022256957
4505	1	0.831917143139
7305	1	0.901139901296
4497	1	0.985736176667
10332	1	0.798619202085
4569	1	0.922436719491
13085	1	0.883841308936
22833	1	0.867135614132
20335	1	0.939907332275
24847	1	0.861432076142
28699	1	0.834318832007
28688	1	0.91797518509
30712	2	2.58970794677e-09
28660	1	0.927688033995
31660	2	2.05237592613e-11
24347	1	0.969135387272
1339	1	0.942370261651
30576	2	0.0322217899153
24380	1	0.928859635036
2198	1	0.884717059487
26644	1	0.870759875394
13120	1	0.910401503147
9366	1	0.896355092717
12017	1	0.969473321847
9367	1	0.934318819448
8748	1	0.664529643898
8525	1	0.858976246551
31059	2	1.93219521264e-07
11354	1	0.957248596654
7671	1	0.916292122686
18098	1	0.894534813439
30425	2	0.00180265973057
26682	1	0.88853168909
13052	1	0.988223551934
22499	1	0.896284326177
8516	1	0.893401751155
8517	1	0.844322350846
4692	1	0.832134634703
5823	1	0.945574724877
17379	1	0.877185697104
11511	1	0.87418333894
1129	1	0.850886923359
8507	1	0.979405292575
8535	1	0.940568747787
30647	2	0.00040506407781
8784	1	0.743544979105
4738	1	0.926770173183
28722	1	0.93341796014
11519	1	0.965380852447
17454	1	0.860799482161
19198	1	0.976566784428
1319	1	0.993285860998
4726	1	0.834788836194
17440	1	0.837319798449
13078	1	0.840808612244
24844	1	0.954892020366
31330	2	0.00040506407781
1564	1	0.895322501179
17417	1	0.960823191257
4577	1	0.932706803867
243	1	0.989790157474
15018	1	0.961805537299
31662	2	9.15067712022e-09
1730	1	0.981741502813
28653	1	0.927460005144
28718	1	0.982401739225
13889	1	0.876087403941
2899	1	0.982171080891
4777	1	0.984006120574
19131	1	0.984628116326
10812	1	0.913443730479
12056	1	0.968895532523
24331	1	0.938093245667
12012	1	0.946345607165
22128	1	0.933965620486
21640	1	0.977384323262
26258	1	0.957827944225
21512	1	0.912582472218
13087	1	0.874047188069
13071	1	0.890252912688
24327	1	0.875755988992
31134	2	1.93219521264e-07
13083	1	0.900631491794
8636	1	0.979167771757
7670	1	0.967625117442
7690	1	0.762393989095
7699	1	0.912134194088
4495	1	0.886856913555
8579	1	0.84825809867
7672	1	0.93159246961
22501	1	0.80721723179
9364	1	0.900017969289
11266	1	0.8745391301
11352	1	0.8745391301
11330	1	0.953016140718
28652	1	0.938961696848
24825	1	0.900083306014
19193	1	0.88515468698
28659	1	0.91945914212
4727	1	0.895761665903
12016	1	0.970477404921
31867	2	2.58575937376e-23
7667	1	0.911422467029
24852	1	0.883729711723
24808	1	0.914376977772
15008	1	0.877221497667
12005	1	0.926752583823
491	1	0.905115496749
15004	1	0.834390309472
30313	2	2.58970794677e-09
3240	1	0.971150568024
3252	1	0.97072118228
13082	1	0.889743682943
21491	1	0.831789496276
26283	1	0.98185291361
19502	1	0.832140664242
15005	1	0.855640994986
15002	1	0.855640994986
31564	2	2.04179212387e-09
8514	1	0.9292231737
7282	1	0.798985678848
12048	1	0.936592241268
8611	1	0.823340217333
733	1	0.916561650536
4384	1	0.952089051517
8536	1	0.890467100098
4706	1	0.984522083922
19142	1	0.988636423157
17380	1	0.830984220137
22121	1	0.89599289447
5808	1	0.971458163345
19189	1	0.821157155657
12248	1	0.986149586533
13119	1	0.913042859658
13115	1	0.996630879576
11317	1	0.950999315692
30508	2	4.07981745598e-06
21627	1	0.964944398885
21606	1	0.884346438425
12031	1	0.915474486626
4773	1	0.909514251081
17397	1	0.881215413374
2043	1	0.978008006464
5803	1	0.875788948444
4491	1	0.925920719567
28648	1	0.876893815492
5816	1	0.915014786267
1939	1	0.954233937857
9272	1	0.945936857364
2818	1	0.991355485813
30506	2	5.14020910969e-18
24854	1	0.95115447713
22075	1	0.927369263821
18126	1	0.893443748626
19529	1	0.984976900151
19157	1	0.963839246661
7647	1	0.805277033551
12057	1	0.868582672419
22101	1	0.969215042645
26297	1	0.854400831122
19540	1	0.946065182135
19515	1	0.870872591893
20400	1	0.976909029153
12071	1	0.886373707427
1554	1	0.865368176641
458	1	0.865507466198
1555	1	0.864868466618
31600	2	2.58970794677e-09
30708	2	2.58970794677e-09
1915	1	0.90662798739
11492	1	0.769681053254
12100	1	0.932592867413
5798	1	0.932922736645
17381	1	0.821736166249
31593	2	2.58970794677e-09
3487	1	0.825756532505
13146	1	0.888552679095
4549	1	0.66835693543
8618	1	0.994908986922
31439	2	0.00180265973057
8746	1	0.99855128446
15015	1	0.82490481955
10355	1	0.904298036745
7290	1	0.859683482413
11321	1	0.971826757511
12024	1	0.891281235838
11292	1	0.910592872488
11268	1	0.93151481261
15027	1	0.855658656998
1410	1	0.959009379971
13109	1	0.924285823126
8573	1	0.951225429047
19147	1	0.979012717521
